optimization finished, #iter = 752
obj = 103164.18815472782, rho = 293.9845922188869
nSV = 753, nBSV = 747