optimization finished, #iter = 983
obj = 184009.06868004295, rho = 393.24578703785846
nSV = 1004, nBSV = 997