optimization finished, #iter = 1046
obj = 112789.07522651934, rho = 253.6937163466461
nSV = 1004, nBSV = 994